
Original Matrix
***************** Matrix 10 x 10 *********************
   1.414213562373095    2.236067977499790    3.162277660168380    4.123105625617661    5.099019513592784    6.082762530298219    7.071067811865476    8.062257748298549    9.055385138137417   10.049875621120890 
   2.236067977499790    2.828427124746190    3.605551275463989    4.472135954999580    5.385164807134504    6.324555320336759    7.280109889280518    8.246211251235321    9.219544457292887   10.198039027185569 
   3.162277660168380    3.605551275463989    4.242640687119285    5.000000000000000    5.830951894845301    6.708203932499369    7.615773105863909    8.544003745317530    9.486832980505138   10.440306508910551 
   4.123105625617661    4.472135954999580    5.000000000000000    5.656854249492381    6.403124237432849    7.211102550927978    8.062257748298549    8.944271909999159    9.848857801796104   10.770329614269007 
   5.099019513592784    5.385164807134504    5.830951894845301    6.403124237432849    7.071067811865476    7.810249675906654    8.602325267042627    9.433981132056603   10.295630140987001   11.180339887498949 
   6.082762530298219    6.324555320336759    6.708203932499369    7.211102550927978    7.810249675906654    8.485281374238570    9.219544457292887   10.000000000000000   10.816653826391969   11.661903789690601 
   7.071067811865476    7.280109889280518    7.615773105863909    8.062257748298549    8.602325267042627    9.219544457292887    9.899494936611665   10.630145812734650   11.401754250991379   12.206555615733702 
   8.062257748298549    8.246211251235321    8.544003745317530    8.944271909999159    9.433981132056603   10.000000000000000   10.630145812734650   11.313708498984761   12.041594578792296   12.806248474865697 
   9.055385138137417    9.219544457292887    9.486832980505138    9.848857801796104   10.295630140987001   10.816653826391969   11.401754250991379   12.041594578792296   12.727922061357855   13.453624047073710 
  10.049875621120890   10.198039027185569   10.440306508910551   10.770329614269007   11.180339887498949   11.661903789690601   12.206555615733702   12.806248474865697   13.453624047073710   14.142135623730951 

Final U, S, V: 
***************** Matrix 10 x 10 *********************
   0.220738645245308   -0.542829403137684    0.618819525979681    0.460375654822354    0.231983946305240   -0.085314178701951    0.024489628315685   -0.005615012797026   -0.000997530649571    0.000120563406260 
   0.231565664221486   -0.452343000379591    0.124018116463641   -0.428090899751866   -0.595008383981984    0.396087635240580   -0.171113859923162    0.052737996384100    0.011679400542817   -0.001670922775323 
   0.247169570892163   -0.343948469349219   -0.202971802819435   -0.434379187068319    0.107287614254925   -0.544453979424960    0.474343995014069   -0.229418285147609   -0.070563441438447    0.012995400786663 
   0.266392171529148   -0.230211410224806   -0.352458950353329   -0.123506360345490    0.426945047496789   -0.080962593676868   -0.476178705193235    0.504907058798157    0.248759451308295   -0.064507423948682 
   0.288428963253035   -0.116509466668870   -0.369771471870652    0.166283309256079    0.252737946452046    0.379418236793781   -0.162424688204401   -0.453041933215217   -0.505257889311665    0.210010051418779 
   0.312685172558970   -0.005147454254894   -0.297801947891619    0.317223089410172   -0.076429146144827    0.294858286845811    0.369971026313195   -0.145330748482817    0.509593558010097   -0.449907760680127 
   0.338709186180959    0.103008758036061   -0.168201363642201    0.314145515079863   -0.304650156084931   -0.079887606514355    0.276043631626122    0.426253200794147   -0.027720645130993    0.624365374117091 
   0.366153283945549    0.207781456369720   -0.002545126418018    0.178723746688002   -0.316656867444871   -0.352117914544103   -0.205391476231845    0.123604984930471   -0.469240577796998   -0.537494944760954 
   0.394747302903208    0.309312626943699    0.184961934668930   -0.059166510910298   -0.088976654354043   -0.255317592181510   -0.402887728188080   -0.475243915071883    0.426598951328933    0.259851474624076 
   0.424279802186728    0.407878676805462    0.385137639523415   -0.372078557716282    0.357264254597927    0.326182867126990    0.272777040671719    0.201068410693176   -0.122838040862630   -0.053760260174737 
***************** Matrix 10 x 10 *********************
  87.289882760136308    0.000000000000000    0.000000000000003   -0.000000000000000   -0.000000000000000    0.000000000000000    0.000000000000000   -0.000000000000000    0.000000000000000    0.000000000000033 
   0.000000000000000    8.957246545361201   -0.000000000000000   -0.000000000000000    0.000000000000051    0.000000000000000   -0.000000000000000   -0.000000000000000   -0.000000000000000    0.000000000000000 
   0.000000000000003   -0.000000000000000    0.491175579485845    0.000000000000001    0.000000000000000   -0.000000000000000    0.000000000000000    0.000000000000028    0.000000000000000    0.000000000000000 
  -0.000000000000000   -0.000000000000000    0.000000000000001    0.053024706027183   -0.000000000000000    0.000000000000000    0.000000000000000   -0.000000000000000   -0.000000000000000    0.000000000000052 
  -0.000000000000000    0.000000000000051    0.000000000000000   -0.000000000000000    0.006052013178115    0.000000000000000    0.000000000000008   -0.000000000000000   -0.000000000000000    0.000000000000000 
   0.000000000000000    0.000000000000000   -0.000000000000000    0.000000000000000    0.000000000000000    0.000590831028442    0.000000000000020    0.000000000000000    0.000000000000000   -0.000000000000000 
   0.000000000000000   -0.000000000000000    0.000000000000000    0.000000000000000    0.000000000000008    0.000000000000020    0.000044660906922   -0.000000000000010   -0.000000000000000   -0.000000000000000 
  -0.000000000000000   -0.000000000000000    0.000000000000028   -0.000000000000000   -0.000000000000000    0.000000000000000   -0.000000000000010    0.000002410148170   -0.000000000000000   -0.000000000000000 
   0.000000000000000   -0.000000000000000    0.000000000000000   -0.000000000000000   -0.000000000000000    0.000000000000000   -0.000000000000000   -0.000000000000000    0.000000082155408    0.000000000000000 
   0.000000000000033    0.000000000000000    0.000000000000000    0.000000000000052    0.000000000000000   -0.000000000000000    0.000000000000000   -0.000000000000000   -0.000000000000000    0.000000001324771 
***************** Matrix 10 x 10 *********************
   0.220738645245308    0.542829403137685   -0.618819525979680   -0.460375654822352   -0.231983946305240    0.085314178701952   -0.024489628315718    0.005615012797080    0.000997530649833   -0.000120563405525 
   0.231565664221486    0.452343000379591   -0.124018116463642    0.428090899751858    0.595008383981961   -0.396087635240517    0.171113859923253   -0.052737996384284   -0.011679400545831    0.001670922764423 
   0.247169570892163    0.343948469349219    0.202971802819435    0.434379187068322   -0.107287614254872    0.544453979424646   -0.474343995013815    0.229418285146947    0.070563441459851   -0.012995400704935 
   0.266392171529148    0.230211410224807    0.352458950353328    0.123506360345499   -0.426945047496812    0.080962593677371    0.476178705191614   -0.504907058790939   -0.248759451414923    0.064507423605154 
   0.288428963253035    0.116509466668870    0.369771471870653   -0.166283309256079   -0.252737946452055   -0.379418236793958    0.162424688207568    0.453041933185350    0.505257889671755   -0.210010050614094 
   0.312685172558970    0.005147454254894    0.297801947891621   -0.317223089410177    0.076429146144796   -0.294858286846133   -0.369971026315707    0.145330748557898   -0.509593558804390    0.449907759753932 
   0.338709186180959   -0.103008758036061    0.168201363642201   -0.314145515079870    0.304650156084998    0.079887606514658   -0.276043631627083   -0.426253200912549    0.027720646243247   -0.624365373986377 
   0.366153283945549   -0.207781456369721    0.002545126418016   -0.178723746687990    0.316656867444814    0.352117914544112    0.205391476235862   -0.123604984818124    0.469240576849846    0.537494945612164 
   0.394747302903208   -0.309312626943699   -0.184961934668929    0.059166510910291    0.088976654354077    0.255317592181414    0.402887728184656    0.475243915013710   -0.426598950882970   -0.259851475468000 
   0.424279802186728   -0.407878676805462   -0.385137639523415    0.372078557716284   -0.357264254597937   -0.326182867126961   -0.272777040670697   -0.201068410680590    0.122838040773745    0.053760260430174 
182 rounds calculation completed.

Original Matrix
***************** Matrix 20 x 20 *********************
   1.414213562373095    2.236067977499790    3.162277660168380    4.123105625617661    5.099019513592784    6.082762530298219    7.071067811865476    8.062257748298549    9.055385138137417   10.049875621120890   11.045361017187261   12.041594578792296   13.038404810405298   14.035668847618199   15.033296378372908   16.031219541881399   17.029386365926403   18.027756377319946   19.026297590440446   20.024984394500787 
   2.236067977499790    2.828427124746190    3.605551275463989    4.472135954999580    5.385164807134504    6.324555320336759    7.280109889280518    8.246211251235321    9.219544457292887   10.198039027185569   11.180339887498949   12.165525060596439   13.152946437965905   14.142135623730951   15.132745950421556   16.124515496597098   17.117242768623690   18.110770276274835   19.104973174542799   20.099751242241780 
   3.162277660168380    3.605551275463989    4.242640687119285    5.000000000000000    5.830951894845301    6.708203932499369    7.615773105863909    8.544003745317530    9.486832980505138   10.440306508910551   11.401754250991379   12.369316876852981   13.341664064126334   14.317821063276353   15.297058540778355   16.278820596099706   17.262676501632068   18.248287590894659   19.235384061671343   20.223748416156685 
   4.123105625617661    4.472135954999580    5.000000000000000    5.656854249492381    6.403124237432849    7.211102550927978    8.062257748298549    8.944271909999159    9.848857801796104   10.770329614269007   11.704699910719626   12.649110640673518   13.601470508735444   14.560219778561036   15.524174696260024   16.492422502470642   17.464249196572979   18.439088914585774   19.416487838947599   20.396078054371138 
   5.099019513592784    5.385164807134504    5.830951894845301    6.403124237432849    7.071067811865476    7.810249675906654    8.602325267042627    9.433981132056603   10.295630140987001   11.180339887498949   12.083045973594572   13.000000000000000   13.928388277184119   14.866068747318506   15.811388300841896   16.763054614240211   17.720045146669349   18.681541692269406   19.646882704388499   20.615528128088304 
   6.082762530298219    6.324555320336759    6.708203932499369    7.211102550927978    7.810249675906654    8.485281374238570    9.219544457292887   10.000000000000000   10.816653826391969   11.661903789690601   12.529964086141668   13.416407864998739   14.317821063276353   15.231546211727817   16.155494421403510   17.088007490635061   18.027756377319946   18.973665961010276   19.924858845171276   20.880613017821101 
   7.071067811865476    7.280109889280518    7.615773105863909    8.062257748298549    8.602325267042627    9.219544457292887    9.899494936611665   10.630145812734650   11.401754250991379   12.206555615733702   13.038404810405298   13.892443989449804   14.764823060233400   15.652475842498529   16.552945357246848   17.464249196572979   18.384776310850235   19.313207915827967   20.248456731316587   21.189620100417091 
   8.062257748298549    8.246211251235321    8.544003745317530    8.944271909999159    9.433981132056603   10.000000000000000   10.630145812734650   11.313708498984761   12.041594578792296   12.806248474865697   13.601470508735444   14.422205101855956   15.264337522473747   16.124515496597098   17.000000000000000   17.888543819998318   18.788294228055936   19.697715603592208   20.615528128088304   21.540659228538015 
   9.055385138137417    9.219544457292887    9.486832980505138    9.848857801796104   10.295630140987001   10.816653826391969   11.401754250991379   12.041594578792296   12.727922061357855   13.453624047073710   14.212670403551895   15.000000000000000   15.811388300841896   16.643316977093239   17.492855684535900   18.357559750685819   19.235384061671343   20.124611797498108   21.023796041628639   21.931712199461309 
  10.049875621120890   10.198039027185569   10.440306508910551   10.770329614269007   11.180339887498949   11.661903789690601   12.206555615733702   12.806248474865697   13.453624047073710   14.142135623730951   14.866068747318506   15.620499351813308   16.401219466856727   17.204650534085253   18.027756377319946   18.867962264113206   19.723082923316021   20.591260281974002   21.470910553583888   22.360679774997898 
  11.045361017187261   11.180339887498949   11.401754250991379   11.704699910719626   12.083045973594572   12.529964086141668   13.038404810405298   13.601470508735444   14.212670403551895   14.866068747318506   15.556349186104045   16.278820596099706   17.029386365926403   17.804493814764857   18.601075237738275   19.416487838947599   20.248456731316587   21.095023109728988   21.954498400100150   22.825424421026653 
  12.041594578792296   12.165525060596439   12.369316876852981   12.649110640673518   13.000000000000000   13.416407864998739   13.892443989449804   14.422205101855956   15.000000000000000   15.620499351813308   16.278820596099706   16.970562748477139   17.691806012954132   18.439088914585774   19.209372712298546   20.000000000000000   20.808652046684813   21.633307652783937   22.472205054244231   23.323807579381203 
  13.038404810405298   13.152946437965905   13.341664064126334   13.601470508735444   13.928388277184119   14.317821063276353   14.764823060233400   15.264337522473747   15.811388300841896   16.401219466856727   17.029386365926403   17.691806012954132   18.384776310850235   19.104973174542799   19.849433241279208   20.615528128088304   21.400934559032695   22.203603311174518   23.021728866442675   23.853720883753127 
  14.035668847618199   14.142135623730951   14.317821063276353   14.560219778561036   14.866068747318506   15.231546211727817   15.652475842498529   16.124515496597098   16.643316977093239   17.204650534085253   17.804493814764857   18.439088914585774   19.104973174542799   19.798989873223331   20.518284528683193   21.260291625469300   22.022715545545239   22.803508501982758   23.600847442411894   24.413111231467404 
  15.033296378372908   15.132745950421556   15.297058540778355   15.524174696260024   15.811388300841896   16.155494421403510   16.552945357246848   17.000000000000000   17.492855684535900   18.027756377319946   18.601075237738275   19.209372712298546   19.849433241279208   20.518284528683193   21.213203435596427   21.931712199461309   22.671568097509269   23.430749027719962   24.207436873820409   25.000000000000000 
  16.031219541881399   16.124515496597098   16.278820596099706   16.492422502470642   16.763054614240211   17.088007490635061   17.464249196572979   17.888543819998318   18.357559750685819   18.867962264113206   19.416487838947599   20.000000000000000   20.615528128088304   21.260291625469300   21.931712199461309   22.627416997969522   23.345235059857504   24.083189157584592   24.839484696748443   25.612496949731394 
  17.029386365926403   17.117242768623690   17.262676501632068   17.464249196572979   17.720045146669349   18.027756377319946   18.384776310850235   18.788294228055936   19.235384061671343   19.723082923316021   20.248456731316587   20.808652046684813   21.400934559032695   22.022715545545239   22.671568097509269   23.345235059857504   24.041630560342615   24.758836806279895   25.495097567963924   26.248809496813376 
  18.027756377319946   18.110770276274835   18.248287590894659   18.439088914585774   18.681541692269406   18.973665961010276   19.313207915827967   19.697715603592208   20.124611797498108   20.591260281974002   21.095023109728988   21.633307652783937   22.203603311174518   22.803508501982758   23.430749027719962   24.083189157584592   24.758836806279895   25.455844122715710   26.172504656604801   26.907248094147420 
  19.026297590440446   19.104973174542799   19.235384061671343   19.416487838947599   19.646882704388499   19.924858845171276   20.248456731316587   20.615528128088304   21.023796041628639   21.470910553583888   21.954498400100150   22.472205054244231   23.021728866442675   23.600847442411894   24.207436873820409   24.839484696748443   25.495097567963924   26.172504656604801   26.870057685088806   27.586228448267445 
  20.024984394500787   20.099751242241780   20.223748416156685   20.396078054371138   20.615528128088304   20.880613017821101   21.189620100417091   21.540659228538015   21.931712199461309   22.360679774997898   22.825424421026653   23.323807579381203   23.853720883753127   24.413111231467404   25.000000000000000   25.612496949731394   26.248809496813376   26.907248094147420   27.586228448267445   28.284271247461902 

Final U, S, V: 
***************** Matrix 20 x 20 *********************
   0.153547511695335   -0.394690469329040    0.528612171637661    0.538540721048851    0.415266902754199   -0.247555185756853    0.120413399520113   -0.050492370924821    0.018961399882386    0.006513123696933    0.002066205293712    0.000606965887276   -0.000164794107248   -0.000041131718516    0.000009356203274   -0.000001909405239    0.000000235443204    0.000000197179528    0.000000108354464   -0.000000122798503 
   0.156008708812640   -0.370474073886808    0.339024436860926    0.017571666635905   -0.375402071301317    0.535297329627577   -0.445225631070296    0.273513414453966   -0.136708654180467   -0.058500917596601   -0.022049051547368   -0.007432542276823    0.002256536827659    0.000617604512374   -0.000151752412062    0.000033075512211   -0.000004264365596   -0.000003502516395   -0.000002084421182    0.000002337872930 
   0.159680650876844   -0.338722377446605    0.155622181905775   -0.268615021907017   -0.394651890327687    0.040873075543576    0.364733308923347   -0.494285953951675    0.395565081993637    0.236982509343240    0.115644459654369    0.047892175586381   -0.017199564131369   -0.005412088509215    0.001495605762641   -0.000360500064021    0.000049916489534    0.000039875038442    0.000026453496500   -0.000029265187733 
   0.164359168286216   -0.302683705964917    0.004867208010355   -0.352124694958977   -0.135064339064243   -0.319583474407703    0.301833824894374    0.104407248459416   -0.419564767957601   -0.457720711598199   -0.329290233258974   -0.182079265379943    0.082220793846788    0.031216800537368   -0.010097420303850    0.002784554870304   -0.000425961375518   -0.000328710977285   -0.000247681175649    0.000268793134623 
   0.169897611764886   -0.264207586450605   -0.108558146259200   -0.313555583476772    0.111195541004422   -0.318372857598671   -0.090584688097294    0.370974698207339   -0.129804828151397    0.270795596752424    0.454605765531120    0.396317133365757   -0.246598223914542   -0.120099020638289    0.047597352417066   -0.015575583587008    0.002715326627476    0.002010257814202    0.001747582741512   -0.001840077209188 
   0.176181064391167   -0.224435438556173   -0.187125210253333   -0.216019905329311    0.250275743845621   -0.128333218137291   -0.304123802975110    0.127850742825689    0.300775540728988    0.281576131345481   -0.103773949126979   -0.403051087604078    0.432704223543676    0.300290006478179   -0.155464628005612    0.063154588875121   -0.013007920120400   -0.009154826477583   -0.009370522390274    0.009391231174228 
   0.183115442556766   -0.184097539774216   -0.235515622628913   -0.100431089168509    0.280866331242819    0.078976027855661   -0.263510352678431   -0.181702861207504    0.265078762662747   -0.166761144225225   -0.346033304480905   -0.041298676598931   -0.329483262381255   -0.444067332103672    0.338947848749788   -0.182877636062629    0.046606605616753    0.030734641880108    0.038314841501510   -0.035435927266708 
   0.190621775592962   -0.143667404584303   -0.258745593769640    0.009148114288716    0.233241051287189    0.214672402443755   -0.085217297649253   -0.293152818391143   -0.032080282454339   -0.315075782333310    0.029767508124954    0.348280879334618   -0.146510515015025    0.258833152476479   -0.442252977241431    0.362879871432479   -0.122672428925972   -0.073863778800890   -0.119299536464378    0.096695887656882 
   0.198632759125531   -0.103451242863542   -0.261450348170235    0.099896623657648    0.142071424084082    0.256370239377954    0.101882402237030   -0.199102278497079   -0.252186426658609   -0.094306378010072    0.305586078691081    0.077582266864772    0.321601070663189    0.210892412307110    0.209942110771532   -0.441310989050704    0.227366765306616    0.118281353224976    0.280511774598062   -0.180485604229326 
   0.207090464396130   -0.063643448245966   -0.247647646921007    0.166037923676503    0.036403107231565    0.218279400566321    0.219758890295760   -0.010263628951926   -0.257038296285394    0.182820451400640    0.179565014916076   -0.271764392875296    0.146107809082953   -0.294255274638268    0.240473414928491    0.197897169498640   -0.266505709731367   -0.100561966946008   -0.488133083699648    0.192007558715604 
   0.215944700166571   -0.024362600373308   -0.220704560575466    0.206001119187988   -0.062719685533892    0.128991781329620    0.243836331674608    0.159030727624621   -0.097619329344150    0.274600754608600   -0.117901495641904   -0.226966339116187   -0.242164582859077   -0.178211564276349   -0.286059463531668    0.237266175171170    0.126419202184182   -0.014107016787180    0.600978895809692    0.008571555799005 
   0.225151774945637    0.014324452572044   -0.183387361396773    0.220590100550768   -0.141620504177374    0.018741283774999    0.186002243016896    0.240393433035689    0.100462824303919    0.153710184549936   -0.273910259195686    0.077259334146273   -0.246636582201316    0.235618552146625   -0.173301216239670   -0.307379368283946    0.108893748463940    0.106750652663926   -0.465000941861974   -0.398699356922963 
   0.234673522663153    0.052386147722372   -0.137940335311709    0.211839694873112   -0.192438320551912   -0.086569555919443    0.076651177211078    0.217215401663486    0.227978298649394   -0.061250435778570   -0.181367302696772    0.273670280959198    0.072408909221302    0.243443989071907    0.258173854188401   -0.121220686679804   -0.106327645416423    0.003495705508574    0.122285858877411    0.667122647645573 
   0.244476512572698    0.089814821273922   -0.086169068326790    0.182321629306674   -0.211522053621424   -0.167360061876676   -0.048381739698616    0.111530126700817    0.232690538935309   -0.223141067167502    0.052387591331010    0.182612009909285    0.283329324812651   -0.112966584176195    0.210010617906493    0.311554341524132   -0.280347838471810   -0.206247858996900    0.163948246884710   -0.530772500671493 
   0.254531394846815    0.126618758470813   -0.029517714966259    0.134737977535001   -0.198077605356409   -0.210322200414099   -0.155572358610219   -0.032965048401552    0.122641823750733   -0.239173627617940    0.236568595086747   -0.083805762755221    0.148235173213950   -0.294793245940271   -0.208686169520696    0.091904057136473    0.646355628129792    0.106584710158745   -0.202103498284406    0.159085998565015 
   0.264812350490909    0.162816619266054    0.030863600444385    0.071694865413187   -0.153131912478786   -0.207494684212656   -0.217423805155531   -0.165056047357711   -0.048865305593982   -0.103187713440694    0.232357414248427   -0.267762918803254   -0.165510285690250   -0.047722906383082   -0.259215516302464   -0.316206522818955   -0.537791258062239    0.350402460616469    0.083706084124494    0.040884410301199 
   0.275296624219299    0.198433527564740    0.094061971715460   -0.004412968971504   -0.078785065610182   -0.155087041808791   -0.213601316735745   -0.235540255793223   -0.202991013585442    0.109261876692620    0.031799922469307   -0.181788867505290   -0.284358123426591    0.284916212212940    0.160961501445285   -0.063422097889412    0.129470113423659   -0.669797200110679    0.002440802169275    0.006205782807213 
   0.285964125021525    0.233498335764615    0.159354813104578   -0.091451049142693    0.022306301259053   -0.052355660658402   -0.130626982204954   -0.202546682170417   -0.252704997656037    0.264379043269768   -0.224680768186142    0.130267680493012   -0.008017219594195    0.164265603125679    0.300412507603782    0.385515571772802    0.104972129964725    0.534338101373744   -0.012263840520120   -0.069333832851365 
   0.296797082996104    0.268041724409669    0.226171660289481   -0.187555374751591    0.147271899852259    0.099346783783676    0.039101401471414   -0.033753169449913   -0.115233495424913    0.198072772550241   -0.272819525630287    0.329358160777746    0.358942578287365   -0.356542694325091   -0.321905877408173   -0.263815246270528   -0.083883989726297   -0.213848599868937    0.002130436414639    0.046173477872750 
   0.307779753571422    0.302094897120312    0.294063330132786   -0.291121323324208    0.293245690501605    0.297319857403064    0.298508355358399    0.293388371454265    0.280451460618527   -0.259532110368659    0.231458080470969   -0.197891477720830   -0.161161772368344    0.124017138795061    0.089110766740597    0.059181117057344    0.018117342117695    0.035275504013458    0.000330103297633   -0.009812993420529 
***************** Matrix 20 x 20 *********************
 336.775854576708412   -0.000000000000001   -0.000000000000000    0.000000000000000   -0.000000000000000   -0.000000000000000    0.000000000000000    0.000000000000041   -0.000000000000000   -0.000000000000026   -0.000000000000048   -0.000000000000009    0.000000000000000   -0.000000000000015    0.000000000000000    0.000000000000045    0.000000000000004    0.000000000000000   -0.000000000000008   -0.000000000000000 
  -0.000000000000001   37.102681541275416   -0.000000000000000    0.000000000000000   -0.000000000000000   -0.000000000000000   -0.000000000000000    0.000000000000000    0.000000000000000    0.000000000000000   -0.000000000000023    0.000000000000000    0.000000000000000   -0.000000000000000   -0.000000000000000   -0.000000000000000   -0.000000000000000    0.000000000000000    0.000000000000000    0.000000000000000 
  -0.000000000000000   -0.000000000000000    2.304595355023010    0.000000000000000   -0.000000000000001   -0.000000000000000   -0.000000000000067    0.000000000000001   -0.000000000000000    0.000000000000036    0.000000000000001    0.000000000000007   -0.000000000000033    0.000000000000012   -0.000000000000009   -0.000000000000006   -0.000000000000017   -0.000000000000001   -0.000000000000000    0.000000000000000 
   0.000000000000000    0.000000000000000    0.000000000000000    0.317060020591478   -0.000000000000000   -0.000000000000000    0.000000000000000   -0.000000000000000    0.000000000000007    0.000000000000023   -0.000000000000017    0.000000000000050   -0.000000000000000   -0.000000000000020   -0.000000000000000   -0.000000000000029   -0.000000000000039   -0.000000000000028    0.000000000000000   -0.000000000000000 
  -0.000000000000000   -0.000000000000000   -0.000000000000001   -0.000000000000000    0.054865264206605   -0.000000000000000    0.000000000000000    0.000000000000000   -0.000000000000000   -0.000000000000012    0.000000000000006   -0.000000000000012    0.000000000000066   -0.000000000000006    0.000000000000001   -0.000000000000001    0.000000000000005   -0.000000000000000    0.000000000000000    0.000000000000000 
  -0.000000000000000   -0.000000000000000   -0.000000000000000   -0.000000000000000   -0.000000000000000    0.009834189079323    0.000000000000000    0.000000000000001   -0.000000000000000    0.000000000000000   -0.000000000000002   -0.000000000000086   -0.000000000000000    0.000000000000064    0.000000000000000    0.000000000000019    0.000000000000000   -0.000000000000000   -0.000000000000000   -0.000000000000005 
   0.000000000000000   -0.000000000000000   -0.000000000000067    0.000000000000000    0.000000000000000    0.000000000000000    0.001670478972551   -0.000000000000000   -0.000000000000001   -0.000000000000001    0.000000000000000    0.000000000000012   -0.000000000000000    0.000000000000008   -0.000000000000000   -0.000000000000008   -0.000000000000005    0.000000000000000   -0.000000000000000    0.000000000000000 
   0.000000000000041    0.000000000000000    0.000000000000001   -0.000000000000000    0.000000000000000    0.000000000000001   -0.000000000000000    0.000258747738735    0.000000000000064    0.000000000000012   -0.000000000000000   -0.000000000000006    0.000000000000000   -0.000000000000072    0.000000000000000   -0.000000000000048   -0.000000000000025    0.000000000000064    0.000000000000002    0.000000000000000 
  -0.000000000000000    0.000000000000000   -0.000000000000000    0.000000000000007   -0.000000000000000   -0.000000000000000   -0.000000000000001    0.000000000000064    0.000035926256147    0.000000000000039   -0.000000000000000   -0.000000000000011    0.000000000000007    0.000000000000013   -0.000000000000022   -0.000000000000016   -0.000000000000023    0.000000000000004   -0.000000000000000   -0.000000000000000 
  -0.000000000000026    0.000000000000000    0.000000000000036    0.000000000000023   -0.000000000000012    0.000000000000000   -0.000000000000001    0.000000000000012    0.000000000000039    0.000004426347672    0.000000000000007   -0.000000000000003    0.000000000000000    0.000000000000003   -0.000000000000067   -0.000000000000003    0.000000000000002    0.000000000000000   -0.000000000000010    0.000000000000000 
  -0.000000000000048   -0.000000000000023    0.000000000000001   -0.000000000000017    0.000000000000006   -0.000000000000002    0.000000000000000   -0.000000000000000   -0.000000000000000    0.000000000000007    0.000000479654659   -0.000000000000000    0.000000000000000   -0.000000000000079   -0.000000000000000    0.000000000000064    0.000000000000050    0.000000000000000   -0.000000000000000    0.000000000000004 
  -0.000000000000009    0.000000000000000    0.000000000000007    0.000000000000051   -0.000000000000012   -0.000000000000086    0.000000000000012   -0.000000000000006   -0.000000000000011   -0.000000000000003   -0.000000000000000    0.000000045268348    0.000000000000030    0.000000000000005    0.000000000000000   -0.000000000000004    0.000000000000000   -0.000000000000007    0.000000000000008    0.000000000000000 
   0.000000000000000    0.000000000000000   -0.000000000000033   -0.000000000000000    0.000000000000066   -0.000000000000000   -0.000000000000000   -0.000000000000000    0.000000000000007    0.000000000000000    0.000000000000000    0.000000000000030    0.000000003676482    0.000000000000000    0.000000000000000   -0.000000000000006    0.000000000000083    0.000000000000000    0.000000000000000    0.000000000000000 
  -0.000000000000015   -0.000000000000000    0.000000000000012   -0.000000000000020   -0.000000000000006    0.000000000000064    0.000000000000008   -0.000000000000072    0.000000000000013    0.000000000000004   -0.000000000000079    0.000000000000004    0.000000000000000    0.000000000253042   -0.000000000000009    0.000000000000007    0.000000000000003   -0.000000000000004    0.000000000000004    0.000000000000000 
   0.000000000000000   -0.000000000000000   -0.000000000000009   -0.000000000000000    0.000000000000001    0.000000000000000   -0.000000000000000    0.000000000000000   -0.000000000000022   -0.000000000000067   -0.000000000000000    0.000000000000000    0.000000000000000   -0.000000000000009    0.000000000014461   -0.000000000000034    0.000000000000059    0.000000000000000   -0.000000000000003    0.000000000000001 
   0.000000000000045   -0.000000000000000   -0.000000000000006   -0.000000000000029   -0.000000000000001    0.000000000000019   -0.000000000000008   -0.000000000000048   -0.000000000000016   -0.000000000000003    0.000000000000064   -0.000000000000004   -0.000000000000006    0.000000000000007   -0.000000000000034    0.000000000000669   -0.000000000000009    0.000000000000003   -0.000000000000003    0.000000000000000 
   0.000000000000004   -0.000000000000000   -0.000000000000017   -0.000000000000039    0.000000000000005    0.000000000000000   -0.000000000000005   -0.000000000000025   -0.000000000000023    0.000000000000002    0.000000000000050    0.000000000000000    0.000000000000083    0.000000000000003    0.000000000000059   -0.000000000000009    0.000000000000010    0.000000000000003    0.000000000000001   -0.000000000000000 
  -0.000000000000000    0.000000000000000   -0.000000000000001   -0.000000000000028   -0.000000000000000   -0.000000000000000    0.000000000000000    0.000000000000064    0.000000000000004    0.000000000000000    0.000000000000000   -0.000000000000007    0.000000000000000   -0.000000000000004    0.000000000000000    0.000000000000003    0.000000000000003    0.000000000000007   -0.000000000000000    0.000000000000002 
  -0.000000000000008    0.000000000000000   -0.000000000000000    0.000000000000000    0.000000000000000   -0.000000000000000   -0.000000000000000    0.000000000000002   -0.000000000000000   -0.000000000000010    0.000000000000000    0.000000000000008    0.000000000000000    0.000000000000004   -0.000000000000003   -0.000000000000003    0.000000000000001   -0.000000000000000    0.000000000000004   -0.000000000000000 
  -0.000000000000000    0.000000000000000    0.000000000000000   -0.000000000000000    0.000000000000000   -0.000000000000005    0.000000000000000    0.000000000000000   -0.000000000000000    0.000000000000000    0.000000000000004    0.000000000000000    0.000000000000000    0.000000000000000    0.000000000000001    0.000000000000000   -0.000000000000000    0.000000000000002   -0.000000000000000    0.000000000000003 
***************** Matrix 20 x 20 *********************
   0.153547511695335    0.394690469329040   -0.528612171637661   -0.538540721048850   -0.415266902754202    0.247555185756851   -0.120413399520105    0.050492370924830   -0.018961399882397   -0.006513123696890   -0.002066205293932   -0.000606965887526    0.000164794104891    0.000041131722747   -0.000009356200205    0.000001909496986   -0.000000235399092   -0.000000197488620   -0.000000107321444    0.000000122014522 
   0.156008708812640    0.370474073886808   -0.339024436860926   -0.017571666635906    0.375402071301322   -0.535297329627575    0.445225631070259   -0.273513414453943    0.136708654180563    0.058500917596150    0.022049051549487    0.007432542280099   -0.002256536798047   -0.000617604577362    0.000151752324701   -0.000033077211480    0.000004263759967    0.000003508019430    0.000002066610148   -0.000002324369837 
   0.159680650876844    0.338722377446605   -0.155622181905775    0.268615021907017    0.394651890327683   -0.040873075543553   -0.364733308923264    0.494285953951417   -0.395565081993726   -0.236982509340248   -0.115644459664676   -0.047892175611487    0.017199563930534    0.005412089124351   -0.001495604535783    0.000360520769283   -0.000049912540271   -0.000039937526484   -0.000026260147299    0.000029119083375 
   0.164359168286216    0.302683705964917   -0.004867208010356    0.352124694958973    0.135064339064244    0.319583474407660   -0.301833824894392   -0.104407248459066    0.419564767957081    0.457720711585647    0.329290233281983    0.182079265494389   -0.082220793010289   -0.031216804715484    0.010097410344166   -0.002784741463365    0.000425958296144    0.000329219909393    0.000246187849308   -0.000267673067186 
   0.169897611764886    0.264207586450604    0.108558146259201    0.313555583476773   -0.111195541004420    0.318372857598634    0.090584688097233   -0.370974698206707    0.129804828151333   -0.270795596719451   -0.454605765506161   -0.396317133588081    0.246598221777672    0.120099041645941   -0.047597303084209    0.015576853014925   -0.002715507978636   -0.002013295978678   -0.001739169406125    0.001833857531074 
   0.176181064391167    0.224435438556173    0.187125210253332    0.216019905329316   -0.250275743845616    0.128333218137395    0.304123802974863   -0.127850742827621   -0.300775540722239   -0.281576131398153    0.103773948804889    0.403051087168878   -0.432704220679480   -0.300290084416415    0.155464483380814   -0.063161148168241    0.013009730531676    0.009168172405771    0.009335779984345   -0.009366214453918 
   0.183115442556766    0.184097539774216    0.235515622628912    0.100431089168512   -0.280866331242834   -0.078976027855639    0.263510352679028    0.181702861208761   -0.265078762680138    0.166761144269088    0.346033305429661    0.041298680139719    0.329483263540381    0.444067542898194   -0.338947667710930    0.182903394752013   -0.046616383569528   -0.030777499790558   -0.038210663697599    0.035364404738030 
   0.190621775592962    0.143667404584303    0.258745593769641   -0.009148114288721   -0.233241051287177   -0.214672402443846    0.085217297648829    0.293152818392094    0.032080282471312    0.315075782324019   -0.029767509534297   -0.348280887646845    0.146510497895660   -0.258833564567392    0.442253321196068   -0.362956286807421    0.122707126900247    0.073962426349019    0.119079401133232   -0.096558220771931 
   0.198632759125531    0.103451242863542    0.261450348170235   -0.099896623657649   -0.142071424084074   -0.256370239377939   -0.101882402236946    0.199102278494787    0.252186426657006    0.094306378004766   -0.305586077611987   -0.077582258310786   -0.321601021225079   -0.210891825883877   -0.209944183989476    0.441479113768784   -0.227451047169238   -0.118437038207173   -0.280208568130236    0.180335445093259 
   0.207090464396130    0.063643448245966    0.247647646921007   -0.166037923676501   -0.036403107231580   -0.218279400566365   -0.219758890295582    0.010263628954247    0.257038296277649   -0.182820451390101   -0.179565015265843    0.271764390779473   -0.146107888338023    0.294254635736937   -0.240468971115129   -0.198159283584296    0.266642896237435    0.100713005060482    0.487926880387887   -0.191998196655502 
   0.215944700166571    0.024362600373308    0.220704560575466   -0.206001119187989    0.062719685533894   -0.128991781329617   -0.243836331674819   -0.159030727625603    0.097619329349468   -0.274600754645138    0.117901495535863    0.226966338333193    0.242164641114977    0.178212155637295    0.286054534989932   -0.237011921947580   -0.126551513231697    0.014049283372987   -0.601058037066851   -0.008346459452078 
   0.225151774945637   -0.014324452572044    0.183387361396773   -0.220590100550770    0.141620504177384   -0.018741283774968   -0.186002243017005   -0.240393433036788   -0.100462824307423   -0.153710184534915    0.273910259655026   -0.077259337732538    0.246636604477350   -0.235619002428043    0.173303255638916    0.307311945611180   -0.108863690481265   -0.106792434182645    0.465275560230739    0.398426709290947 
   0.234673522663153   -0.052386147722372    0.137940335311709   -0.211839694873112    0.192438320551909    0.086569555919499   -0.076651177210983   -0.217215401662807   -0.227978298653215    0.061250435804068    0.181367302319519   -0.273670279112393   -0.072408987990015   -0.243443868221229   -0.258173068125796    0.121023141693318    0.106429847597228   -0.003438222941599   -0.122431506512551   -0.667116142292972 
